0 0 0 0 0 0 4 6 0 10 0 12 5 0 0 14
10 0 7 15 0 16 13 2 9 6 0 14 4 3 0 0
1 4 0 0 5 8 0 0 13 0 0 0 0 0 6 0
3 0 0 0 11 15 0 12 0 0 0 4 13 7 8 16
4 0 0 0 3 9 0 5 14 0 10 7 0 0 15 8
8 0 12 6 10 11 0 13 1 0 16 0 9 14 0 0
0 0 0 13 4 1 16 7 0 9 0 0 0 10 0 11
5 0 3 10 14 6 0 0 0 2 0 11 7 0 16 1
0 15 0 5 7 2 0 8 0 0 3 0 0 0 12 0
7 11 1 2 15 0 5 0 6 0 0 8 3 0 0 0
12 16 0 8 0 13 1 0 7 0 0 2 0 0 5 0
6 0 10 14 12 4 9 0 5 0 0 0 8 16 0 0
14 6 0 0 0 0 15 0 12 0 0 10 16 0 0 4
16 0 0 0 0 14 6 0 0 0 0 13 0 8 0 7
2 8 13 7 0 0 0 0 0 0 0 3 6 0 1 9
9 10 15 0 0 12 0 0 16 0 5 6 11 2 0 0

