14 0 5 0 0 0 0 0 0 0 0 7 10 0 0 16
7 16 0 0 2 0 0 8 0 0 9 13 6 0 0 15
0 0 0 0 0 0 0 6 0 0 10 11 0 0 0 0
10 0 0 0 0 14 0 0 0 0 0 0 0 7 1 0
0 10 0 0 6 0 0 1 0 0 11 0 0 0 0 0
0 0 14 0 0 5 8 13 10 0 0 0 4 0 15 0
0 0 9 0 15 0 0 11 12 0 6 0 13 1 0 2
13 0 2 5 0 3 7 0 15 0 0 0 0 0 8 16
0 0 10 0 0 0 14 0 0 12 5 0 1 11 7 3
0 2 0 6 3 0 0 0 0 0 0 0 0 0 14 0
0 14 0 0 0 2 12 0 16 0 0 0 0 8 0 10
0 0 0 16 0 11 15 0 0 0 0 4 0 5 0 6
0 0 0 2 11 0 6 7 14 9 8 0 0 0 0 1
0 15 13 0 0 0 4 0 0 0 2 6 0 0 0 7
0 0 0 0 1 0 0 14 0 0 3 0 16 0 13 8
0 0 0 0 16 0 10 0 0 0 0 0 0 0 0 0