13 5 0 0 15 0 0 0 6 0 0 11 0 0 10 0
0 0 11 16 7 0 0 12 14 13 3 0 4 2 0 15
0 7 10 0 0 0 0 6 0 0 1 0 11 0 5 13
2 6 3 0 1 0 0 0 0 0 0 0 0 0 0 0
0 0 0 0 0 0 0 3 9 0 0 0 0 6 2 10
0 0 0 7 0 8 4 13 0 6 15 5 12 11 16 0
0 1 16 0 0 2 0 0 4 0 7 3 0 0 15 0
5 13 6 15 0 1 0 0 0 11 0 10 0 0 0 4
0 14 0 0 11 12 0 4 16 1 0 0 5 10 0 0
0 0 8 1 0 0 14 0 0 0 0 0 16 0 0 7
10 3 13 2 0 15 0 0 7 0 0 0 9 0 0 0
4 0 9 0 8 0 0 10 3 12 11 0 0 15 1 6
0 0 5 13 0 3 0 0 0 0 0 8 0 16 0 0
16 0 0 0 0 6 0 0 0 0 2 7 13 0 12 1
8 15 1 0 12 0 5 0 0 9 14 0 0 4 0 0
0 4 0 0 13 10 0 9 0 0 16 0 6 14 0 2
